50
60
36
30
28
28
43
43
54
60
21
42
19
30
48
50
9
31
23
51
62
47
15
63
29
37
16
52
19
58
47
25
41
22
44
42
36
46
26
36
38
52
25
63
28
50
60
21
44
33
23
52
26
62
29
23
34
56
48
32
30
8
33
31
20
38
16
14
37
42
50
55
34
10
40
48
37
19
13
18
47
32
55
46
56
55
14
64
58
54
38
63
47
29
49
54
30
10
37
10
33
24
26
34
16
9
57
21
12
48
54
46
37
64
37
26
53
27
26
47
32
54
33
64
33
57
48
21
8
21
61
56
30
41
29
56
33
29
57
49
36
13
59
40
25
34
9
56
15
64
15
45
59
42
54
56
23
39
64
21
56
10
54
48
40
44
47
16
50
55
60
17
23
10
11
43
49
18
59
57
50
47
45
48
51
35
46
31
40
58
64
36
48
11
28
18
39
48
28
20
63
43
33
62
19
57
11
63
61
61
32
22
30
31
58
61
33
39
28
42
53
40
23
11
46
46
33
31
25
26
51
35
34
26
23
47
31
47
45
41
43
14
62
54
27
64
41
11
50
43
35
28
37
27
37
24
13
36
36
31
11
17
34
45
25
61
34
34
64
49
27
54
55
16
58
51
60
30
21
40
22
52
31
13
38
56
34
61
45
50
10
29
59
21
34
48
20
19
16
47
21
8
36
37
40
48
54
31
64
19
10
18
29
38
63
21
41
20
60
34
35
64
50
35
63
33
17
43
27
62
9
9
8
62
42
31
47
39
56
49
54
28
52
30
38
45
48
13
40
33
59
26
37
49
47
27
41
47
47
59
16
25
25
56
62
11
29
15
63
63
57
40
49
12
35
26
61
62
14
53
43
53
42
45
50
16
27
10
49
59
16
11
45
52
41
12
57
20
43
43
33
56
21
63
15
54
54
9
25
53
8
32
39
48
14
35
48
24
17
42
38
12
60
59
53
19
61
13
14
19
26
10
10
14
60
17
11
36
45
57
51
53
61
30
51
29
34
39
60
29
35
21
29
33
62
35
17
10
60
11
38
50
48
17
44
15
44
44
58
45
29
52
34
28
23
33
56
60
45
57
64
13
55
41
46
10
26
11
61
43
55
54
13
46
12
32
16
20
61
20
20
39
14
27
33
57
53
58
52
11
55
33
