11
52
22
11
14
9
58
23
60
64
31
15
47
56
44
46
25
64
18
21
64
17
44
59
39
24
64
41
13
50
62
15
52
30
16
24
10
47
59
14
54
48
16
28
10
18
53
46
32
8
62
50
57
25
45
51
22
52
11
29
62
10
64
54
61
25
17
11
8
42
50
56
62
11
18
18
8
15
52
58
41
28
9
44
48
12
45
21
20
37
41
45
12
46
57
57
46
37
56
63
45
46
15
34
15
34
8
27
35
64
28
16
28
57
46
20
60
32
48
43
27
24
34
16
58
16
11
26
34
59
29
38
12
40
37
21
30
12
40
46
17
31
63
21
28
54
24
57
15
58
18
44
39
45
26
18
26
38
57
23
14
57
64
21
53
25
30
16
26
39
51
21
63
34
36
61
28
9
61
31
18
61
26
62
12
30
14
15
22
24
48
11
48
45
45
62
45
58
56
21
41
40
55
29
22
57
42
38
25
24
25
54
34
23
47
20
18
58
59
11
46
51
53
62
19
36
53
16
20
59
60
40
25
21
62
52
32
8
62
46
51
17
18
13
26
54
39
38
40
15
12
9
51
17
9
10
48
25
24
55
28
24
24
17
64
44
27
12
32
44
62
10
42
44
11
46
25
52
14
54
23
17
8
64
47
48
47
23
46
20
11
31
54
64
47
59
28
13
8
62
28
12
18
44
53
61
25
18
22
52
37
53
10
37
49
38
38
46
17
16
63
59
24
30
26
62
56
43
46
13
56
59
27
48
26
21
17
18
35
27
18
42
24
34
23
25
23
20
53
47
30
19
14
19
57
59
57
57
54
22
19
24
51
17
14
31
30
53
11
49
23
19
41
16
61
55
12
16
52
23
16
48
9
61
30
16
49
41
29
44
21
22
49
62
32
30
56
61
17
41
26
57
42
48
15
32
62
32
20
35
46
14
52
12
22
55
25
41
21
30
12
49
58
58
55
39
18
41
10
25
62
60
27
35
27
22
30
46
64
58
26
9
62
12
14
30
51
11
45
21
54
34
54
51
42
30
12
51
49
13
29
37
25
17
20
24
30
59
41
16
63
49
21
60
14
63
9
48
18
24
43
28
60
51
31
24
18
22
19
51
54
50
46
20
42
33
50
54
58
54
39
52
61
16
35
8
33
63
23
55
62
47
